55.592484 25.247191
62.612452 24.621079
74.822103 27.870658
53.642517 25.742913
69.356066 80.266675
52.482133 26.109325
48.787301 78.286796
41.271914 33.186388
74.846227 78.066195
64.302600 24.731817
84.070790 35.649426
51.743801 26.371426
37.100630 67.277375
86.283999 66.968348
33.803049 47.309965
35.070433 42.927327
78.695927 75.619807
58.640235 24.758295
79.599368 74.908700
88.505618 61.987140
62.353184 24.613039
89.499968 58.145219
41.497623 72.992470
87.199711 65.213276
59.332975 81.255447
41.516460 32.938197
34.699943 61.983320
36.051789 40.643322
82.353793 33.626068
34.678504 61.919040
41.935999 32.526231
52.699774 79.913157
69.584437 80.200768
76.887521 76.877652
89.957894 53.962009
37.594436 68.091646
79.323603 30.817486
89.316659 59.051560
89.352145 58.887403
89.470065 58.304031
70.289173 25.965370
42.586294 31.920101
56.916395 24.992959
67.717953 80.679717
55.445033 25.279567
89.074817 45.884429
33.520831 57.014462
79.998418 31.374441
51.682681 26.394158
49.181264 78.482447
40.671725 33.822372
78.052109 76.091693
44.740781 75.791494
89.949860 51.778893
87.025038 40.377478
49.803851 78.776354
49.152021 78.468185
86.502246 66.576229
38.042819 37.168176
69.882573 80.111594
33.686347 47.916342
66.543349 80.913072
33.239332 52.319567
58.604456 24.762075
40.726848 72.187269
33.279307 51.333003
77.980335 29.806974
63.568765 81.278287
34.288265 45.304512
82.448908 33.728580
89.575593 48.230490
88.730828 61.284689
67.155661 80.797858
38.538944 69.496913
89.365842 47.126819
87.557961 41.515614
43.399843 74.736691
34.956515 62.716101
33.231823 52.917641
63.070608 24.641092
64.512449 24.752660
82.496494 72.169322
40.207352 34.342580
73.983105 27.446483
72.997083 26.991420
34.159189 45.779995
77.454486 29.444071
79.950509 74.615837
40.967698 33.503838
35.330669 63.684282
46.258149 76.838428
78.727755 30.353822
42.872480 74.284470
34.557624 44.402986
37.299098 38.337480
34.588210 61.642496
63.790956 24.687589
79.903382 74.655703
51.085148 26.624894
89.918262 54.769357
142.635468 50.528549
60.804390 -13.253989
147.866470 100.782280
120.527876 15.905273
99.190923 -0.609074
95.921910 173.654261
136.411290 134.118924
21.358742 181.074963
-12.298053 7.623370
80.694082 180.127523
133.425788 32.123651
97.763904 172.658233
30.410658 -12.047080
105.603339 167.824716
29.635844 -11.892368
111.657497 7.893857
-49.167741 98.529702
104.722165 168.419134
130.937056 28.406848
0.242786 172.088893
64.841542 183.951472
105.143771 168.136437
-21.773806 16.176828
4.870633 -3.323814
136.068869 36.515099
56.599005 -13.644171
139.624746 127.849080
-17.622494 12.156053
-49.586567 94.775215
-42.259436 124.121830
-28.650284 147.223934
-39.993130 129.131171
133.233198 31.822749
121.050941 154.800435
148.880223 91.044322
-44.440704 118.441817
21.679019 181.168835
133.639393 138.782375
-44.412687 118.521909
-12.625586 7.884040
148.936871 81.361248
141.977962 122.411627
-49.484927 75.426760
26.247315 -11.139985
136.471934 37.232472
59.290061 184.657815
-40.591375 43.364180
-30.441192 144.881086
131.836239 141.534141
93.833542 174.724005
-41.855833 125.070058
6.947631 175.578764
0.409084 172.183434
142.481410 121.120157
19.069447 -9.127178
144.937671 57.382808
-48.914721 70.907415
62.149574 -13.091043
-35.709092 34.224541
26.690226 -11.245395
133.957929 32.967668
148.254428 73.236266
105.645169 3.446414
-48.823125 70.307233
129.104098 145.359359
110.039705 6.627490
4.507596 -3.140686
129.354669 145.024036
-10.007252 5.861609
121.326224 154.514614
-44.883572 117.145495
-13.366937 8.482440
124.646183 20.364764
146.635929 63.932453
-10.794520 164.787405
83.436569 -7.935450
131.319775 28.955442
-19.691464 14.101565
132.883632 31.282589
149.023903 84.708226
82.723242 -8.191057
-5.494232 168.557660
147.982145 100.011823
103.096143 1.761922
127.963225 146.849955
-39.953867 129.211846
77.098408 -9.996479
-0.237132 171.813679
130.869535 28.310873
-23.496991 153.251853
144.812670 114.278801
-49.385432 74.502944
140.732714 125.399044
126.930641 23.092067
145.516236 111.825380
98.592001 172.193951
-45.167012 116.283735
-38.278690 132.494154
147.696537 69.396151
130.706098 143.163018
49.890392 62.599382
50.865930 61.463938
40.447809 58.322703
51.378963 56.263682
51.782501 58.208886
48.945394 53.457835
49.375164 53.731809
44.304947 52.998488
43.032525 63.126370
50.593188 54.892925
41.056526 60.925808
48.463812 63.529531
51.784773 58.383363
49.545163 53.856038
51.724397 57.544674
43.270964 63.272725
46.320055 52.704996
51.359420 60.524341
51.006278 61.236978
45.280728 63.976599
50.061240 62.440489
51.721893 57.527836
51.739326 59.086404
44.520825 63.809372
49.979922 62.517754
40.818385 60.386358
45.429001 63.996697
51.289657 56.052970
44.028767 53.099670
41.611091 61.810393
42.070695 62.340657
48.658625 53.303462
40.463478 58.793730
41.184022 55.575905
40.564279 59.514055
40.477799 58.954140
41.233414 61.249377
51.742913 59.057667
50.392364 54.648719
46.356281 52.706416
50.981966 55.461788
43.977216 63.619454
51.370613 56.242937
41.956298 54.519191
49.002505 63.248661
41.977911 54.495973
42.982292 53.646412
42.105902 54.363623
43.760791 53.213859
45.801754 52.710058
50.669806 54.993888
48.179487 53.090169
41.120623 61.048928
51.060002 55.596522
48.167099 53.085345
40.750912 56.540556
51.318970 60.620270
47.265064 52.818971
48.219362 63.633909
40.633113 59.808192
48.572216 63.478819
45.398359 63.992870
44.942473 63.915659
43.285091 53.458939
49.512306 53.831266
40.672004 59.949037
49.578070 53.881226
51.695147 57.365801
40.520634 59.276846
45.781057 52.711245
45.349270 52.753450
50.846027 61.494278
46.343584 52.705892
42.199469 62.467734
44.767618 52.864083
51.106795 55.681636
44.208640 53.031931
42.273884 62.537590
40.685603 56.744649
42.053481 62.323042
48.332317 53.152474
49.477848 62.934150
50.499514 54.775553
46.628992 64.015264
46.890931 52.754520
44.351220 52.983107
40.454591 58.651113
40.634782 56.925294
40.483472 59.006514
43.754504 53.216736
51.784785 58.376482
42.367778 62.622237
51.526970 56.679808
44.936052 63.914297
51.672301 59.493591
40.455272 58.075343
40.811436 60.368008
41.340348 55.316375
40.492612 59.082760
42.016192 54.455480
