64.272677 8.611499 64.582233 84.782823 10.002121 15.257266 56.165855 76.818532 39.754085 
27.645751 52.296546 13.674468 4.476090 31.704192 35.652233 87.706928 24.564107 53.661617 
14.037781 43.386273 58.747256 40.136060 61.854063 91.638979 99.172354 77.088666 87.681359 
37.586661 44.455044 15.496724 54.231914 82.630376 43.802324 27.253760 44.631594 97.411229 
3.025734 93.500110 51.953117 1.904409 21.145861 4.249663 15.578877 25.621951 35.953855 
51.231110 13.328879 60.517962 4.892727 27.366660 3.904235 63.639983 67.502720 65.758299 
55.278962 66.675074 42.846965 42.960320 4.261735 87.302009 58.457044 58.493649 69.932384 
2.259369 85.747409 14.563978 99.670598 88.773144 8.064089 51.623715 90.677553 29.209950 
55.873378 6.256429 54.831901 91.827234 57.487540 68.160780 52.345196 62.380267 95.527440 
56.249432 26.020249 63.030160 22.007731 81.299211 29.705234 64.854696 24.259532 33.966969 
52.156704 82.716576 92.460618 22.089088 84.975945 78.208027 36.653067 84.646542 66.981170 
44.717156 36.270257 57.658723 73.927106 92.143636 63.915152 28.759007 83.970869 21.402692 
96.919787 36.316065 83.782959 92.447227 92.565497 9.803208 55.477387 14.573228 91.102419 
85.182621 79.427923 15.361950 19.149590 31.584627 98.078526 11.610208 53.673716 83.054471 
89.818235 90.326783 67.701013 56.799405 35.043938 3.971270 14.458128 8.971044 96.114906 
78.373280 37.730051 80.085775 99.775972 34.649838 16.401841 83.558931 27.097065 8.967338 
93.362138 82.574453 23.540566 84.464557 67.757074 2.968489 99.826508 86.906664 34.553116 
97.905034 98.516872 88.226832 80.959505 88.335106 78.553614 48.660518 45.134511 13.597553 
52.631788 59.592639 22.568597 48.746694 37.965919 60.298648 28.832470 37.741891 94.948486 
45.234311 21.300822 22.045552 54.201649 14.662960 4.620004 77.742214 99.127518 72.377078 
80.710703 98.954025 59.283742 15.263819 96.859059 57.800614 3.490651 77.818564 46.135720 
82.044265 26.479082 91.270231 95.641818 79.110870 50.862871 18.210415 27.857565 88.828790 
78.509063 56.690035 26.570681 73.457549 1.924345 47.871503 95.503101 56.125994 62.534464 
0.123105 33.868208 61.661981 72.500184 14.578911 60.616007 31.783926 29.842730 57.475066 
89.584540 33.333380 35.293630 35.720260 15.377645 61.772712 26.990491 11.019463 40.883582 
77.853362 29.229877 68.741147 66.682152 7.738940 25.431182 93.252833 81.196490 27.355527 
41.124337 76.699590 83.481521 3.658800 76.822696 17.349729 65.320782 49.322879 31.928640 
25.936788 81.106805 61.771369 83.411854 70.691345 95.104749 18.705484 6.411605 10.482394 
80.478195 33.402096 21.501857 21.361778 11.255459 50.731734 90.102924 77.937610 58.470675 
15.534106 71.190444 39.667164 42.889633 12.314780 16.366755 26.371154 15.973580 93.189450 
43.720882 81.294362 42.512330 75.649522 7.231150 23.619135 37.420891 90.643004 94.310480 
32.525640 9.348488 0.722085 43.008035 89.826683 34.124182 64.509892 11.188461 45.379640 
15.241626 1.291385 23.317251 73.712301 16.825491 94.507694 13.379465 59.715124 6.822475 
29.746219 86.086277 22.796055 22.935670 29.807159 4.090417 65.447999 5.456681 11.321567 
89.067134 42.877573 1.964571 83.377614 75.403213 11.313059 84.099700 18.411248 1.139742 
18.223881 82.921139 12.328202 63.603521 98.162765 13.619587 86.920772 71.875066 30.445078 
81.428466 85.254531 90.160201 88.250941 15.000750 76.246478 11.046996 37.936419 6.053638 
15.137413 3.384419 11.510319 26.458980 92.451553 54.387892 28.423551 75.829167 29.791105 
39.736610 59.928867 48.202353 40.876351 78.152748 31.123492 53.204553 41.756270 29.286257 
66.824140 28.677042 1.161323 97.269218 10.105508 86.415854 87.429419 98.356449 1.416604 
63.675898 9.403444 39.353023 69.729536 24.540857 42.737442 81.239855 50.999837 35.188995 
35.627747 79.423388 11.018162 65.418852 19.159998 70.947029 13.621204 60.036349 49.099777 
44.744697 13.240902 90.856047 74.030954 80.065042 19.533088 75.192277 77.334260 29.638596 
61.608131 64.763679 27.995045 63.024735 28.439577 37.398489 2.377758 98.169113 61.939346 
45.115200 79.408968 12.939183 80.304194 15.036714 92.362572 91.322357 80.455566 11.522569 
62.269386 94.076770 71.558918 11.369163 38.821467 84.799820 2.225210 12.852421 64.864862 
21.758298 88.044698 42.199122 51.396895 49.652829 6.962802 79.391939 12.677564 35.402379 
16.790428 15.055322 33.571491 78.729775 60.170522 12.980459 91.668958 40.474716 28.017173 
84.031529 31.797072 8.472739 95.554099 94.066458 2.549510 67.113017 5.435621 41.370977 
51.912836 7.660831 54.223397 16.777698 29.419130 42.268096 58.976821 80.816024 91.920925 
65.939622 60.207964 4.598489 1.342001 76.998392 19.653811 34.913492 55.728166 79.824333 
47.893951 47.397124 20.299049 75.911125 31.428654 52.096121 84.383864 26.982752 46.162579 
86.933373 94.095769 51.598200 28.304350 46.008605 59.259032 82.527747 62.786304 88.678161 
24.795843 21.763125 69.494185 16.716768 87.702747 29.702149 21.315257 89.044748 6.700541 
40.969068 23.958240 62.428707 20.793401 71.852191 9.825831 41.092449 47.763316 41.254485 
93.188570 32.147180 68.237238 39.351150 19.080553 62.333007 90.949350 47.384903 8.341612 
50.208382 29.912650 71.127916 38.886543 54.708493 92.891041 8.380728 71.425261 80.593787 
38.082877 92.740518 69.638535 44.783418 33.709586 93.596775 7.212125 54.502986 65.448966 
17.037957 95.595436 13.212282 58.292442 88.784006 45.359462 26.529680 28.135156 64.440015 
88.862686 19.084506 11.824918 97.204299 69.292888 41.737568 68.332215 8.179431 96.446062 
61.223256 16.560159 67.871323 41.817043 54.643036 60.611841 11.455578 99.426454 94.321426 
5.052353 6.638579 48.824413 70.501319 23.676536 44.419848 83.713602 81.968978 33.203854 
29.073064 8.498657 61.339010 93.513078 97.361344 80.423516 5.337996 94.565642 49.716404 
47.075564 62.897857 57.895834 43.521626 24.121113 74.455994 11.392949 65.938156 29.099030 
72.004789 77.393734 28.525484 66.326215 82.446087 35.164063 15.150628 52.947406 58.840599 
59.570476 36.661008 40.809576 92.774330 65.734071 49.308233 54.113340 59.247150 46.669577 
34.536856 64.585146 41.235219 84.253260 11.660711 4.133077 42.149094 55.182337 28.254189 
16.605088 66.575285 94.192345 45.704117 38.580074 71.586078 74.229601 4.906289 54.032165 
9.393664 20.056917 6.979571 68.234263 79.627393 43.640579 9.043839 72.401723 9.374651 
58.352073 26.515063 68.621800 5.021650 61.051919 33.206947 46.256869 45.305179 44.867657 
50.389946 87.454273 0.049994 78.644135 4.059361 66.625279 72.836480 49.763478 5.205353 
44.422558 23.993079 10.111642 98.454724 33.386744 30.168559 5.434295 1.621007 9.795952 
49.074874 10.664846 82.197676 58.449524 69.016919 8.712739 27.071325 74.038569 69.764658 
60.278271 20.295439 15.069837 5.145929 70.685385 2.524110 5.195922 49.329520 6.583471 
71.821201 22.166000 56.346948 77.026554 66.588558 80.340028 87.138196 65.043282 13.726771 
17.306756 70.477576 15.347778 27.102708 19.552450 26.012624 9.300383 78.001975 95.029543 
18.013122 5.073299 69.068112 87.777780 65.351571 89.363550 2.847617 70.497499 60.048935 
5.371727 75.693422 9.378455 11.955197 47.514623 31.544455 68.302146 24.541177 98.133013 
48.642174 11.679373 63.176295 62.368945 28.986129 33.653871 77.716722 56.088837 53.206321 
3.729346 65.389220 31.208296 98.758889 83.402342 36.281595 67.827001 71.180122 1.633166 
57.190551 74.027739 72.130665 17.239486 79.399466 47.824087 26.617941 91.354664 95.338710 
58.162396 59.656810 19.879887 56.295409 8.298983 31.559260 19.471703 70.667928 60.545389 
53.125574 48.384650 16.634226 6.331895 52.113996 82.023446 37.540191 50.872885 65.425788 
73.821786 18.699886 36.605910 75.454952 75.890437 10.633649 47.585617 93.129923 90.033116 
95.409704 19.747865 81.387779 90.748414 77.910260 41.044589 10.628302 34.205669 49.343572 
42.187562 53.677372 20.011500 2.732951 6.802947 68.396150 19.367177 13.134842 20.510146 
1.390623 50.675033 71.383031 66.816411 24.496819 90.082917 3.422321 99.951771 65.973354 
14.055970 47.537388 59.103278 4.089086 42.947093 78.851143 85.476866 33.695507 56.761403 
26.521455 44.323809 90.967072 75.865027 86.511371 44.644445 95.876527 89.244322 51.447391 
64.272677 8.611499 64.582233 84.782823 10.002121 15.257266 56.165855 76.818532 39.754085 
46.248772 80.240853 39.705856 12.222126 94.296823 87.243245 71.325404 98.385909 30.190337 
50.176547 83.862775 63.885845 6.937950 10.384229 8.209653 97.905022 86.249256 94.721024 
42.549467 82.125783 83.965346 93.996858 46.398460 92.576844 58.579091 31.181283 2.578965 
73.836358 87.347138 79.397497 13.590443 33.595910 59.638350 53.296299 45.818037 53.935173 
40.539544 17.143441 52.321082 70.729881 67.319988 36.183857 34.615726 74.257938 46.568086 
42.825379 72.162960 32.817342 37.546403 14.712426 14.943125 21.511748 8.709284 61.341585 
14.088592 67.288375 92.522868 16.667558 41.124733 79.870006 96.065055 54.715176 13.465916 
55.703405 8.011475 59.283952 9.638578 48.551019 76.427393 61.959660 19.280900 43.747381 
98.143516 53.896625 18.005319 44.711602 96.722004 90.168278 77.528944 34.268407 4.880704 
92.472068 55.780156 13.589988 53.813653 69.868748 80.878363 46.336521 86.536306 22.003096 
26.206526 82.601361 76.718272 39.672442 38.304766 84.729746 98.956395 47.943343 33.280765 
75.383788 9.903003 52.561665 19.131169 8.046519 6.458290 37.136487 52.758121 3.180294 
27.304765 30.287065 37.448701 32.185470 22.759133 93.228857 45.775458 76.572786 63.097605 
26.653821 22.909307 49.633911 48.656917 49.115833 32.235271 25.375189 88.788275 70.540037 
10.104935 87.744670 18.483380 43.385700 63.128458 28.386383 95.947365 82.259626 36.432902 
2.405655 19.396114 89.191024 5.585949 46.700879 19.478088 43.034650 78.886349 42.237221 
36.263507 24.661806 18.810007 99.361112 51.315628 41.719314 48.995022 99.972545 90.835147 
81.230294 25.347734 79.623422 51.770331 35.452669 67.368092 70.253711 78.838370 30.496549 
98.640094 74.785734 12.756176 35.072997 77.191389 32.152289 24.264020 82.777338 78.853168 
43.742109 25.811987 57.739517 85.979330 62.075494 82.401323 4.789337 61.436606 33.716950 
46.508651 10.431628 33.689495 37.343798 91.661922 59.037229 16.967220 43.432252 94.489899 
84.335311 13.685963 73.328268 14.831860 12.326058 48.114002 27.588036 47.399055 25.305391 
59.740325 71.663075 8.082729 38.593493 15.405184 33.894716 96.333010 1.384514 95.970211 
78.734333 6.173851 57.406816 12.451283 52.682502 67.838444 46.140779 90.026300 59.500366 
5.178008 6.993520 2.932619 99.667907 91.328831 16.618582 72.996175 6.160691 28.944640 
21.110177 33.748727 76.343694 46.415568 93.489052 48.006769 54.498297 32.082546 63.411953 
88.393013 28.415555 64.796467 84.363224 7.149888 70.970318 41.770040 19.601171 23.652820 
9.608485 65.741950 13.679120 69.108851 70.919958 20.672640 72.041470 70.587864 12.001471 
88.660052 43.584039 18.162163 17.604691 64.694216 51.910890 93.948386 11.109784 45.399942 
41.955155 65.608082 77.482488 5.367108 54.001095 5.898043 70.163574 38.364319 13.047931 
41.133892 80.134360 32.649102 64.786713 89.742844 98.391052 78.465833 58.851696 69.311009 
99.138473 30.893165 39.898873 11.139944 19.553217 83.482912 29.302106 37.157908 48.177128 
81.212996 31.106294 59.286912 26.612939 73.061449 24.894994 4.095426 78.428557 78.896089 
9.993469 48.592131 17.260408 23.041400 89.726024 97.394768 55.690503 54.512736 87.137612 
54.081554 32.978569 45.989308 23.392564 32.117042 76.882473 63.291437 43.256986 96.435690 
46.774349 72.559092 33.593598 94.951477 53.772088 64.699892 54.238389 80.385027 37.761341 
79.133383 84.480453 16.189898 58.029472 94.473923 64.782029 75.289880 17.515323 54.508053 
72.684648 73.205825 9.020789 59.822260 27.287380 41.999358 5.811567 50.679943 74.116400 
82.694040 13.971380 17.373385 79.129730 60.745729 89.932477 12.723328 55.697206 43.704566 
77.423221 9.935595 24.089593 15.184562 89.068978 8.570046 31.374460 47.098451 3.043969 
96.156489 22.388331 20.559291 50.664542 95.072979 93.765117 59.685331 54.895238 21.052497 
1.684689 60.706806 71.732440 75.801089 43.400846 85.703821 93.174474 22.530576 46.449550 
83.106952 35.253905 2.146756 26.811518 12.677125 12.082351 50.901110 27.861687 1.151330 
59.471156 59.236147 48.249780 62.515125 55.392636 70.638111 83.074416 6.057179 65.711090 
76.839533 65.742510 20.606328 97.892030 67.427199 81.313134 69.624470 43.228288 24.713980 
55.328291 36.402762 47.244556 1.777840 19.509714 82.498461 3.924597 46.321232 95.175586 
16.006948 97.222342 23.037273 17.158278 56.693498 82.273420 65.408058 19.208623 37.666056 
36.046169 2.283040 43.723235 1.757259 79.122573 9.465745 22.363587 77.014603 76.892944 
3.676721 46.639073 20.121232 28.390701 1.967364 56.523995 75.635257 3.745204 76.033709 
58.133718 7.669801 22.354941 53.309304 23.676749 19.577283 76.346577 40.835027 76.270781 
58.619997 6.243085 95.479405 96.286053 42.289254 97.762444 40.009288 44.046513 76.885018 
49.475033 66.410099 53.899621 26.367978 70.086820 0.538694 46.489210 98.477521 2.506058 
3.013205 74.112778 6.251262 79.046914 32.246497 13.921063 1.401854 85.555801 37.597811 
20.979137 61.902378 78.432838 97.249918 20.522375 84.675922 92.729323 16.808429 26.965176 
90.491767 56.817717 71.011689 67.376785 6.292750 37.421788 21.276405 32.660728 7.508609 
21.815099 79.149938 5.986130 24.321157 82.163143 80.098908 30.572418 61.210057 12.345405 
44.493481 62.611911 97.901205 82.091292 83.591048 59.803583 60.524130 80.840966 80.325958 
45.200052 73.570289 97.134387 72.165229 64.062056 53.952104 43.176918 31.438841 60.244854 
80.598706 52.715246 92.905582 88.107315 74.530345 72.055520 94.093444 98.851502 54.218663 
74.192352 29.423920 15.428719 86.537757 73.917401 78.040630 84.438962 56.008693 61.631678 
44.242546 16.532823 42.472644 24.568504 61.732875 16.042933 21.702891 33.898104 80.104990 
75.654995 77.075021 11.543830 35.899850 57.673727 64.259077 28.805432 45.781042 38.789422 
0.860952 39.874486 37.640924 55.079615 14.066838 67.064844 70.508335 0.604595 40.982245 
48.548965 85.043558 96.990938 10.180643 29.286104 13.523760 52.653288 53.854608 75.256635 
68.696221 75.557499 9.154739 48.801210 51.212494 86.229760 60.345041 87.112344 43.903487 
24.604117 15.917776 89.684529 63.393539 16.778728 29.559015 1.034463 71.858343 43.625853 
68.099307 42.366677 44.230449 9.081551 90.915642 29.274007 6.072489 1.096285 58.560110 
19.596249 53.749573 12.414718 94.852884 22.445794 87.972217 4.007623 71.247004 39.184712 
90.237383 31.592045 26.297056 34.140870 56.196162 42.214831 23.825399 19.589701 58.993559 
53.384414 20.624164 30.851902 97.010268 88.723471 73.218580 41.240716 97.805022 64.134222 
70.514723 3.877511 65.230507 29.074833 23.473760 18.980080 41.489552 18.326644 41.425874 
29.461769 22.334267 12.672878 68.646481 12.571650 44.264923 94.943537 46.712521 0.461086 
37.158368 70.537920 20.050787 96.151927 23.922334 40.674951 27.003830 20.932602 29.398422 
0.222409 62.173318 27.203444 64.356631 32.688041 31.080955 29.587139 61.762874 54.554715 
48.567219 3.252426 72.881359 89.993093 32.714195 95.215626 2.665971 1.360676 7.787276 
46.930895 96.304213 54.499797 47.391980 33.462581 25.037717 67.442767 29.614509 48.960051 
8.117719 56.618338 69.892652 37.516141 56.840747 32.065970 64.719585 21.197379 64.754011 
95.800540 50.784517 26.516886 50.355255 99.351736 29.769312 23.236613 89.344829 62.483507 
18.452239 92.010801 63.844184 26.239515 38.941695 60.148397 80.739312 86.333675 93.610978 
5.777028 53.776442 23.225487 54.737079 61.894161 79.843825 24.629732 99.410302 36.684573 
56.695702 64.129887 57.881951 21.449714 59.930427 8.666469 47.966599 10.285682 8.018205 
77.735911 33.522295 97.363034 40.219419 51.974535 89.373835 4.063603 78.214050 28.315530 
64.212000 58.953361 14.649205 57.822978 64.730390 68.425647 81.048465 19.467469 30.319808 
60.892290 44.097201 29.730110 97.576863 0.792903 93.859997 55.458814 22.242616 53.790424 
64.125282 70.209216 64.076106 72.143487 47.945127 97.598402 69.506521 88.164546 49.572936 
58.880356 92.228149 27.786986 87.195886 56.440148 86.740347 1.845091 14.263126 51.470737 
70.270738 95.311591 70.938207 0.590546 56.203881 15.035407 30.320657 53.780744 15.828310 
24.180654 9.239557 38.070927 77.971078 73.364840 8.280143 42.047184 45.508327 56.225270 
39.645586 15.014848 44.389816 89.218523 73.895204 36.617965 17.005509 61.091089 93.058113 
3.745856 62.936180 7.321240 55.216593 33.206918 2.632831 26.154800 33.797464 58.836712 
41.190207 64.118121 12.617456 57.018518 88.298775 21.857013 95.089445 66.269853 95.221853 
3.369588 8.317037 40.730180 59.594858 47.962623 55.745028 3.984674 37.181146 29.640232 
40.602638 54.186654 90.731321 33.660752 57.932510 53.667501 40.981991 13.149104 86.874419 
43.614822 39.303904 20.671883 2.451535 80.494111 84.790004 15.068991 37.512629 73.088778 
36.926004 32.602074 39.358631 32.147857 35.971661 47.675668 72.878037 95.566519 95.638291 
28.623065 99.551193 32.819437 58.263297 40.153831 87.006092 48.994619 73.814583 44.938602 
2.662120 14.796574 58.087706 89.536539 58.411396 97.391610 10.208422 60.862931 77.885721 
94.998426 75.931922 15.398350 68.087205 12.857925 48.000423 7.445836 45.005783 83.972085 
55.121504 17.883820 79.538603 50.759795 46.506885 79.089796 83.579233 4.770183 19.243627 
70.585325 53.764802 93.058210 15.523927 56.426922 7.854783 73.611633 45.963461 66.266180 
71.003243 56.171883 27.129111 48.888963 51.170310 3.061032 64.287313 19.257514 15.918958 
12.287736 26.703350 60.924740 96.259821 81.824854 78.808560 75.798424 32.584649 25.315446 
54.888220 16.163882 30.085628 74.131847 86.749206 83.850430 67.190057 2.273133 40.277351 
75.044840 75.884766 86.240812 41.311020 46.888008 42.412695 68.440131 95.776972 93.583005 
71.501163 60.064285 12.840519 87.420121 72.352021 39.543869 48.344861 68.611842 21.368723 
27.153421 44.410266 53.953372 52.468867 99.298487 70.117253 82.554495 73.430334 56.866459 
66.404925 40.620390 59.139592 6.682276 15.665231 35.024358 92.923089 56.976250 81.912366 
35.335784 25.416381 77.689338 28.918789 96.917544 37.753622 41.759308 84.337664 10.105644 
81.303177 32.682525 78.717486 2.671900 59.835946 23.127752 56.625272 12.304813 22.426238 
26.742525 94.859308 95.856572 83.608984 61.264233 36.476963 42.748576 67.946509 52.142193 
